200 0.661475 0.006403 0.660673
200 1.008274 0.022044 1.007620
200 1.296184 0.001594 1.269181
200 1.233201 0.001563 1.178310
200 0.563965 0.004695 0.563321
200 1.163157 0.069801 1.162496
200 0.836757 0.001740 0.835839
200 1.306512 0.032918 1.305850
200 0.948046 0.012684 0.947289
200 1.202615 0.015893 1.201907
200 0.753184 0.026839 0.706403
200 0.919845 0.028661 0.912882
200 1.151981 0.001396 1.151132
200 1.162227 0.039633 1.155422
200 1.207515 0.062623 1.156505
200 0.489482 0.031704 0.488840
200 1.184600 0.001526 1.183741
200 0.481136 0.027371 0.480397
200 1.024333 0.001560 0.979487
200 0.516530 0.040779 0.515801
200 1.076530 0.001522 1.051780
200 0.745438 0.001442 0.745015
200 1.001255 0.001582 1.000573
200 0.917912 0.053542 0.917500
200 0.789092 0.048182 0.788404
200 1.305231 0.065580 1.304655
200 0.770340 0.032206 0.769705
200 0.786791 0.047825 0.786370
200 0.605566 0.011008 0.604891
200 1.158808 0.066746 1.158190
200 0.833033 0.003705 0.832631
200 0.729317 0.038703 0.728672
200 0.610648 0.001600 0.562909
200 0.968835 0.009259 0.968084
200 0.518847 0.001524 0.518239
200 0.462434 0.019212 0.425547
200 0.477526 0.001509 0.476898
200 0.586062 0.021484 0.585612
200 0.685153 0.005224 0.667263
200 0.376368 0.003605 0.375737
200 0.467255 0.029205 0.466550
200 0.344802 0.000948 0.344267
200 0.398832 0.034774 0.398138
200 0.486599 0.001598 0.485913
200 0.970042 0.030229 0.956301
200 0.605888 0.027587 0.605285
200 0.768121 0.025739 0.767587
200 0.963358 0.048835 0.962487
200 0.634447 0.019882 0.633886
200 0.751154 0.009838 0.750485
